block sizes: [8, 16, 32, 64]
Extracted-bit error rate: 
Baboon: [0.15771484375, 0.0595703125, 0.0078125, 0.0]
Barbara: [0.083251953125, 0.0205078125, 0.0, 0.0]
Goldhill: [0.026123046875, 0.001953125, 0.0, 0.0]
House: [0.0595703125, 0.01171875, 0.01171875, 0.0]
lena: [0.013671875, 0.0, 0.0, 0.0]
Peppers: [0.0224609375, 0.0, 0.0, 0.0]
Sailboat: [0.05859375, 0.0, 0.0, 0.0]
Tank: [0.029541015625, 0.0, 0.0, 0.0]
Embedding Capacity (bpp): 
Baboon: [0.015625, 0.00390625, 0.0009765625, 0.000244140625]
Barbara: [0.015625, 0.00390625, 0.0009765625, 0.000244140625]
Goldhill: [0.015625, 0.00390625, 0.0009765625, 0.000244140625]
House: [0.015625, 0.00390625, 0.0009765625, 0.000244140625]
lena: [0.015625, 0.00390625, 0.0009765625, 0.000244140625]
Peppers: [0.015625, 0.00390625, 0.0009765625, 0.000244140625]
Sailboat: [0.015625, 0.00390625, 0.0009765625, 0.000244140625]
Tank: [0.015625, 0.00390625, 0.0009765625, 0.000244140625]
PSNR (dB)
Baboon: [(37.9545127253632+0j), (38.031433735969145+0j), (37.99167965722554+0j), (39.55787627104202+0j)]
Barbara: [(38.115509390718344+0j), (38.268549644172566+0j), (38.23482117207036+0j), (37.5043343304094+0j)]
Goldhill: [(37.97059042873266+0j), (37.84803616981436+0j), (38.21896752918604+0j), (38.500777994604846+0j)]
House: [(37.820086073054085+0j), (37.99180801683857+0j), (38.23384389037575+0j), (38.54386906066822+0j)]
lena: [(38.00837252871216+0j), (37.97883722085384+0j), (38.68053426776177+0j), (38.503882021438216+0j)]
Peppers: [(37.995056777863006+0j), (38.30527303836924+0j), (38.2276730938717+0j), (38.834307276036604+0j)]
Sailboat: [(37.97098642815464+0j), (38.08117513651964+0j), (38.5269791104286+0j), (38.00071259200847+0j)]
Tank: [(37.85020989362601+0j), (38.018460464764495+0j), (38.005319808730285+0j), (38.31413968916393+0j)]